011900
011901
011902
011903
011904
011905
011906
011907
011908
011909
011910
011911
011912
011913
011914
011915
011916
011917
011918
011919
011920
011921
011922
011923
011924
011925
011926
011927
011928
011929
011930
011931
011932
011933
011934
011935
011936
011937
011938
011939
011940
011941
011942
011943
011944
011945
011946
011947
011948
011949
011950
011951
011952
011953
011954
011955
011956
011957
011958
011959
011960
011961
011962
011963
011964
011965
011966
011967
011968
011969
011970
011971
011972
011973
011974
011975
011976
011977
011978
011979
011980
011981
011982
011983
011984
011985
011986
011987
011988
011989
011990
011991
011992
011993
011994
011995
011996
011997
011998
011999
012000
012001
012002
012003
012004
012005
012006
012007
012008
012009
012010
012011
012012
012013
012014
012015
012016
012017
012018
012019
012020
012021
021900
021901
021902
021903
021904
021905
021906
021907
021908
021909
021910
021911
021912
021913
021914
021915
021916
021917
021918
021919
021920
021921
021922
021923
021924
021925
021926
021927
021928
021929
021930
021931
021932
021933
021934
021935
021936
021937
021938
021939
021940
021941
021942
021943
021944
021945
021946
021947
021948
021949
021950
021951
021952
021953
021954
021955
021956
021957
021958
021959
021960
021961
021962
021963
021964
021965
021966
021967
021968
021969
021970
021971
021972
021973
021974
021975
021976
021977
021978
021979
021980
021981
021982
021983
021984
021985
021986
021987
021988
021989
021990
021991
021992
021993
021994
021995
021996
021997
021998
021999
022000
022001
022002
022003
022004
022005
022006
022007
022008
022009
022010
022011
022012
022013
022014
022015
022016
022017
022018
022019
022020
022021
031900
031901
031902
031903
031904
031905
031906
031907
031908
031909
031910
031911
031912
031913
031914
031915
031916
031917
031918
031919
031920
031921
031922
031923
031924
031925
031926
031927
031928
031929
031930
031931
031932
031933
031934
031935
031936
031937
031938
031939
031940
031941
031942
031943
031944
031945
031946
031947
031948
031949
031950
031951
031952
031953
031954
031955
031956
031957
031958
031959
031960
031961
031962
031963
031964
031965
031966
031967
031968
031969
031970
031971
031972
031973
031974
031975
031976
031977
031978
031979
031980
031981
031982
031983
031984
031985
031986
031987
031988
031989
031990
031991
031992
031993
031994
031995
031996
031997
031998
031999
032000
032001
032002
032003
032004
032005
032006
032007
032008
032009
032010
032011
032012
032013
032014
032015
032016
032017
032018
032019
032020
032021
041900
041901
041902
041903
041904
041905
041906
041907
041908
041909
041910
041911
041912
041913
041914
041915
041916
041917
041918
041919
041920
041921
041922
041923
041924
041925
041926
041927
041928
041929
041930
041931
041932
041933
041934
041935
041936
041937
041938
041939
041940
041941
041942
041943
041944
041945
041946
041947
041948
041949
041950
041951
041952
041953
041954
041955
041956
041957
041958
041959
041960
041961
041962
041963
041964
041965
041966
041967
041968
041969
041970
041971
041972
041973
041974
041975
041976
041977
041978
041979
041980
041981
041982
041983
041984
041985
041986
041987
041988
041989
041990
041991
041992
041993
041994
041995
041996
041997
041998
041999
042000
042001
042002
042003
042004
042005
042006
042007
042008
042009
042010
042011
042012
042013
042014
042015
042016
042017
042018
042019
042020
042021
051900
051901
051902
051903
051904
051905
051906
051907
051908
051909
051910
051911
051912
051913
051914
051915
051916
051917
051918
051919
051920
051921
051922
051923
051924
051925
051926
051927
051928
051929
051930
051931
051932
051933
051934
051935
051936
051937
051938
051939
051940
051941
051942
051943
051944
051945
051946
051947
051948
051949
051950
051951
051952
051953
051954
051955
051956
051957
051958
051959
051960
051961
051962
051963
051964
051965
051966
051967
051968
051969
051970
051971
051972
051973
051974
051975
051976
051977
051978
051979
051980
051981
051982
051983
051984
051985
051986
051987
051988
051989
051990
051991
051992
051993
051994
051995
051996
051997
051998
051999
052000
052001
052002
052003
052004
052005
052006
052007
052008
052009
052010
052011
052012
052013
052014
052015
052016
052017
052018
052019
052020
052021
061900
061901
061902
061903
061904
061905
061906
061907
061908
061909
061910
061911
061912
061913
061914
061915
061916
061917
061918
061919
061920
061921
061922
061923
061924
061925
061926
061927
061928
061929
061930
061931
061932
061933
061934
061935
061936
061937
061938
061939
061940
061941
061942
061943
061944
061945
061946
061947
061948
061949
061950
061951
061952
061953
061954
061955
061956
061957
061958
061959
061960
061961
061962
061963
061964
061965
061966
061967
061968
061969
061970
061971
061972
061973
061974
061975
061976
061977
061978
061979
061980
061981
061982
061983
061984
061985
061986
061987
061988
061989
061990
061991
061992
061993
061994
061995
061996
061997
061998
061999
062000
062001
062002
062003
062004
062005
062006
062007
062008
062009
062010
062011
062012
062013
062014
062015
062016
062017
062018
062019
062020
062021
071900
071901
071902
071903
071904
071905
071906
071907
071908
071909
071910
071911
071912
071913
071914
071915
071916
071917
071918
071919
071920
071921
071922
071923
071924
071925
071926
071927
071928
071929
071930
071931
071932
071933
071934
071935
071936
071937
071938
071939
071940
071941
071942
071943
071944
071945
071946
071947
071948
071949
071950
071951
071952
071953
071954
071955
071956
071957
071958
071959
071960
071961
071962
071963
071964
071965
071966
071967
071968
071969
071970
071971
071972
071973
071974
071975
071976
071977
071978
071979
071980
071981
071982
071983
071984
071985
071986
071987
071988
071989
071990
071991
071992
071993
071994
071995
071996
071997
071998
071999
072000
072001
072002
072003
072004
072005
072006
072007
072008
072009
072010
072011
072012
072013
072014
072015
072016
072017
072018
072019
072020
072021
081900
081901
081902
081903
081904
081905
081906
081907
081908
081909
081910
081911
081912
081913
081914
081915
081916
081917
081918
081919
081920
081921
081922
081923
081924
081925
081926
081927
081928
081929
081930
081931
081932
081933
081934
081935
081936
081937
081938
081939
081940
081941
081942
081943
081944
081945
081946
081947
081948
081949
081950
081951
081952
081953
081954
081955
081956
081957
081958
081959
081960
081961
081962
081963
081964
081965
081966
081967
081968
081969
081970
081971
081972
081973
081974
081975
081976
081977
081978
081979
081980
081981
081982
081983
081984
081985
081986
081987
081988
081989
081990
081991
081992
081993
081994
081995
081996
081997
081998
081999
082000
082001
082002
082003
082004
082005
082006
082007
082008
082009
082010
082011
082012
082013
082014
082015
082016
082017
082018
082019
082020
082021
091900
091901
091902
091903
091904
091905
091906
091907
091908
091909
091910
091911
091912
091913
091914
091915
091916
091917
091918
091919
091920
091921
091922
091923
091924
091925
091926
091927
091928
091929
091930
091931
091932
091933
091934
091935
091936
091937
091938
091939
091940
091941
091942
091943
091944
091945
091946
091947
091948
091949
091950
091951
091952
091953
091954
091955
091956
091957
091958
091959
091960
091961
091962
091963
091964
091965
091966
091967
091968
091969
091970
091971
091972
091973
091974
091975
091976
091977
091978
091979
091980
091981
091982
091983
091984
091985
091986
091987
091988
091989
091990
091991
091992
091993
091994
091995
091996
091997
091998
091999
092000
092001
092002
092003
092004
092005
092006
092007
092008
092009
092010
092011
092012
092013
092014
092015
092016
092017
092018
092019
092020
092021
101900
101901
101902
101903
101904
101905
101906
101907
101908
101909
101910
101911
101912
101913
101914
101915
101916
101917
101918
101919
101920
101921
101922
101923
101924
101925
101926
101927
101928
101929
101930
101931
101932
101933
101934
101935
101936
101937
101938
101939
101940
101941
101942
101943
101944
101945
101946
101947
101948
101949
101950
101951
101952
101953
101954
101955
101956
101957
101958
101959
101960
101961
101962
101963
101964
101965
101966
101967
101968
101969
101970
101971
101972
101973
101974
101975
101976
101977
101978
101979
101980
101981
101982
101983
101984
101985
101986
101987
101988
101989
101990
101991
101992
101993
101994
101995
101996
101997
101998
101999
102000
102001
102002
102003
102004
102005
102006
102007
102008
102009
102010
102011
102012
102013
102014
102015
102016
102017
102018
102019
102020
102021
111900
111901
111902
111903
111904
111905
111906
111907
111908
111909
111910
111911
111912
111913
111914
111915
111916
111917
111918
111919
111920
111921
111922
111923
111924
111925
111926
111927
111928
111929
111930
111931
111932
111933
111934
111935
111936
111937
111938
111939
111940
111941
111942
111943
111944
111945
111946
111947
111948
111949
111950
111951
111952
111953
111954
111955
111956
111957
111958
111959
111960
111961
111962
111963
111964
111965
111966
111967
111968
111969
111970
111971
111972
111973
111974
111975
111976
111977
111978
111979
111980
111981
111982
111983
111984
111985
111986
111987
111988
111989
111990
111991
111992
111993
111994
111995
111996
111997
111998
111999
112000
112001
112002
112003
112004
112005
112006
112007
112008
112009
112010
112011
112012
112013
112014
112015
112016
112017
112018
112019
112020
112021
121900
121901
121902
121903
121904
121905
121906
121907
121908
121909
121910
121911
121912
121913
121914
121915
121916
121917
121918
121919
121920
121921
121922
121923
121924
121925
121926
121927
121928
121929
121930
121931
121932
121933
121934
121935
121936
121937
121938
121939
121940
121941
121942
121943
121944
121945
121946
121947
121948
121949
121950
121951
121952
121953
121954
121955
121956
121957
121958
121959
121960
121961
121962
121963
121964
121965
121966
121967
121968
121969
121970
121971
121972
121973
121974
121975
121976
121977
121978
121979
121980
121981
121982
121983
121984
121985
121986
121987
121988
121989
121990
121991
121992
121993
121994
121995
121996
121997
121998
121999
122000
122001
122002
122003
122004
122005
122006
122007
122008
122009
122010
122011
122012
122013
122014
122015
122016
122017
122018
122019
122020
122021
131900
131901
131902
131903
131904
131905
131906
131907
131908
131909
131910
131911
131912
131913
131914
131915
131916
131917
131918
131919
131920
131921
131922
131923
131924
131925
131926
131927
131928
131929
131930
131931
131932
131933
131934
131935
131936
131937
131938
131939
131940
131941
131942
131943
131944
131945
131946
131947
131948
131949
131950
131951
131952
131953
131954
131955
131956
131957
131958
131959
131960
131961
131962
131963
131964
131965
131966
131967
131968
131969
131970
131971
131972
131973
131974
131975
131976
131977
131978
131979
131980
131981
131982
131983
131984
131985
131986
131987
131988
131989
131990
131991
131992
131993
131994
131995
131996
131997
131998
131999
132000
132001
132002
132003
132004
132005
132006
132007
132008
132009
132010
132011
132012
132013
132014
132015
132016
132017
132018
132019
132020
132021
141900
141901
141902
141903
141904
141905
141906
141907
141908
141909
141910
141911
141912
141913
141914
141915
141916
141917
141918
141919
141920
141921
141922
141923
141924
141925
141926
141927
141928
141929
141930
141931
141932
141933
141934
141935
141936
141937
141938
141939
141940
141941
141942
141943
141944
141945
141946
141947
141948
141949
141950
141951
141952
141953
141954
141955
141956
141957
141958
141959
141960
141961
141962
141963
141964
141965
141966
141967
141968
141969
141970
141971
141972
141973
141974
141975
141976
141977
141978
141979
141980
141981
141982
141983
141984
141985
141986
141987
141988
141989
141990
141991
141992
141993
141994
141995
141996
141997
141998
141999
142000
142001
142002
142003
142004
142005
142006
142007
142008
142009
142010
142011
142012
142013
142014
142015
142016
142017
142018
142019
142020
142021
151900
151901
151902
151903
151904
151905
151906
151907
151908
151909
151910
151911
151912
151913
151914
151915
151916
151917
151918
151919
151920
151921
151922
151923
151924
151925
151926
151927
151928
151929
151930
151931
151932
151933
151934
151935
151936
151937
151938
151939
151940
151941
151942
151943
151944
151945
151946
151947
151948
151949
151950
151951
151952
151953
151954
151955
151956
151957
151958
151959
151960
151961
151962
151963
151964
151965
151966
151967
151968
151969
151970
151971
151972
151973
151974
151975
151976
151977
151978
151979
151980
151981
151982
151983
151984
151985
151986
151987
151988
151989
151990
151991
151992
151993
151994
151995
151996
151997
151998
151999
152000
152001
152002
152003
152004
152005
152006
152007
152008
152009
152010
152011
152012
152013
152014
152015
152016
152017
152018
152019
152020
152021
161900
161901
161902
161903
161904
161905
161906
161907
161908
161909
161910
161911
161912
161913
161914
161915
161916
161917
161918
161919
161920
161921
161922
161923
161924
161925
161926
161927
161928
161929
161930
161931
161932
161933
161934
161935
161936
161937
161938
161939
161940
161941
161942
161943
161944
161945
161946
161947
161948
161949
161950
161951
161952
161953
161954
161955
161956
161957
161958
161959
161960
161961
161962
161963
161964
161965
161966
161967
161968
161969
161970
161971
161972
161973
161974
161975
161976
161977
161978
161979
161980
161981
161982
161983
161984
161985
161986
161987
161988
161989
161990
161991
161992
161993
161994
161995
161996
161997
161998
161999
162000
162001
162002
162003
162004
162005
162006
162007
162008
162009
162010
162011
162012
162013
162014
162015
162016
162017
162018
162019
162020
162021
171900
171901
171902
171903
171904
171905
171906
171907
171908
171909
171910
171911
171912
171913
171914
171915
171916
171917
171918
171919
171920
171921
171922
171923
171924
171925
171926
171927
171928
171929
171930
171931
171932
171933
171934
171935
171936
171937
171938
171939
171940
171941
171942
171943
171944
171945
171946
171947
171948
171949
171950
171951
171952
171953
171954
171955
171956
171957
171958
171959
171960
171961
171962
171963
171964
171965
171966
171967
171968
171969
171970
171971
171972
171973
171974
171975
171976
171977
171978
171979
171980
171981
171982
171983
171984
171985
171986
171987
171988
171989
171990
171991
171992
171993
171994
171995
171996
171997
171998
171999
172000
172001
172002
172003
172004
172005
172006
172007
172008
172009
172010
172011
172012
172013
172014
172015
172016
172017
172018
172019
172020
172021
181900
181901
181902
181903
181904
181905
181906
181907
181908
181909
181910
181911
181912
181913
181914
181915
181916
181917
181918
181919
181920
181921
181922
181923
181924
181925
181926
181927
181928
181929
181930
181931
181932
181933
181934
181935
181936
181937
181938
181939
181940
181941
181942
181943
181944
181945
181946
181947
181948
181949
181950
181951
181952
181953
181954
181955
181956
181957
181958
181959
181960
181961
181962
181963
181964
181965
181966
181967
181968
181969
181970
181971
181972
181973
181974
181975
181976
181977
181978
181979
181980
181981
181982
181983
181984
181985
181986
181987
181988
181989
181990
181991
181992
181993
181994
181995
181996
181997
181998
181999
182000
182001
182002
182003
182004
182005
182006
182007
182008
182009
182010
182011
182012
182013
182014
182015
182016
182017
182018
182019
182020
182021
191900
191901
191902
191903
191904
191905
191906
191907
191908
191909
191910
191911
191912
191913
191914
191915
191916
191917
191918
191919
191920
191921
191922
191923
191924
191925
191926
191927
191928
191929
191930
191931
191932
191933
191934
191935
191936
191937
191938
191939
191940
191941
191942
191943
191944
191945
191946
191947
191948
191949
191950
191951
191952
191953
191954
191955
191956
191957
191958
191959
191960
191961
191962
191963
191964
191965
191966
191967
191968
191969
191970
191971
191972
191973
191974
191975
191976
191977
191978
191979
191980
191981
191982
191983
191984
191985
191986
191987
191988
191989
191990
191991
191992
191993
191994
191995
191996
191997
191998
191999
192000
192001
192002
192003
192004
192005
192006
192007
192008
192009
192010
192011
192012
192013
192014
192015
192016
192017
192018
192019
192020
192021
201900
201901
201902
201903
201904
201905
201906
201907
201908
201909
201910
201911
201912
201913
201914
201915
201916
201917
201918
201919
201920
201921
201922
201923
201924
201925
201926
201927
201928
201929
201930
201931
201932
201933
201934
201935
201936
201937
201938
201939
201940
201941
201942
201943
201944
201945
201946
201947
201948
201949
201950
201951
201952
201953
201954
201955
201956
201957
201958
201959
201960
201961
201962
201963
201964
201965
201966
201967
201968
201969
201970
201971
201972
201973
201974
201975
201976
201977
201978
201979
201980
201981
201982
201983
201984
201985
201986
201987
201988
201989
201990
201991
201992
201993
201994
201995
201996
201997
201998
201999
202000
202001
202002
202003
202004
202005
202006
202007
202008
202009
202010
202011
202012
202013
202014
202015
202016
202017
202018
202019
202020
202021
211900
211901
211902
211903
211904
211905
211906
211907
211908
211909
211910
211911
211912
211913
211914
211915
211916
211917
211918
211919
211920
211921
211922
211923
211924
211925
211926
211927
211928
211929
211930
211931
211932
211933
211934
211935
211936
211937
211938
211939
211940
211941
211942
211943
211944
211945
211946
211947
211948
211949
211950
211951
211952
211953
211954
211955
211956
211957
211958
211959
211960
211961
211962
211963
211964
211965
211966
211967
211968
211969
211970
211971
211972
211973
211974
211975
211976
211977
211978
211979
211980
211981
211982
211983
211984
211985
211986
211987
211988
211989
211990
211991
211992
211993
211994
211995
211996
211997
211998
211999
212000
212001
212002
212003
212004
212005
212006
212007
212008
212009
212010
212011
212012
212013
212014
212015
212016
212017
212018
212019
212020
212021
221900
221901
221902
221903
221904
221905
221906
221907
221908
221909
221910
221911
221912
221913
221914
221915
221916
221917
221918
221919
221920
221921
221922
221923
221924
221925
221926
221927
221928
221929
221930
221931
221932
221933
221934
221935
221936
221937
221938
221939
221940
221941
221942
221943
221944
221945
221946
221947
221948
221949
221950
221951
221952
221953
221954
221955
221956
221957
221958
221959
221960
221961
221962
221963
221964
221965
221966
221967
221968
221969
221970
221971
221972
221973
221974
221975
221976
221977
221978
221979
221980
221981
221982
221983
221984
221985
221986
221987
221988
221989
221990
221991
221992
221993
221994
221995
221996
221997
221998
221999
222000
222001
222002
222003
222004
222005
222006
222007
222008
222009
222010
222011
222012
222013
222014
222015
222016
222017
222018
222019
222020
222021
231900
231901
231902
231903
231904
231905
231906
231907
231908
231909
231910
231911
231912
231913
231914
231915
231916
231917
231918
231919
231920
231921
231922
231923
231924
231925
231926
231927
231928
231929
231930
231931
231932
231933
231934
231935
231936
231937
231938
231939
231940
231941
231942
231943
231944
231945
231946
231947
231948
231949
231950
231951
231952
231953
231954
231955
231956
231957
231958
231959
231960
231961
231962
231963
231964
231965
231966
231967
231968
231969
231970
231971
231972
231973
231974
231975
231976
231977
231978
231979
231980
231981
231982
231983
231984
231985
231986
231987
231988
231989
231990
231991
231992
231993
231994
231995
231996
231997
231998
231999
232000
232001
232002
232003
232004
232005
232006
232007
232008
232009
232010
232011
232012
232013
232014
232015
232016
232017
232018
232019
232020
232021
241900
241901
241902
241903
241904
241905
241906
241907
241908
241909
241910
241911
241912
241913
241914
241915
241916
241917
241918
241919
241920
241921
241922
241923
241924
241925
241926
241927
241928
241929
241930
241931
241932
241933
241934
241935
241936
241937
241938
241939
241940
241941
241942
241943
241944
241945
241946
241947
241948
241949
241950
241951
241952
241953
241954
241955
241956
241957
241958
241959
241960
241961
241962
241963
241964
241965
241966
241967
241968
241969
241970
241971
241972
241973
241974
241975
241976
241977
241978
241979
241980
241981
241982
241983
241984
241985
241986
241987
241988
241989
241990
241991
241992
241993
241994
241995
241996
241997
241998
241999
242000
242001
242002
242003
242004
242005
242006
242007
242008
242009
242010
242011
242012
242013
242014
242015
242016
242017
242018
242019
242020
242021
251900
251901
251902
251903
251904
251905
251906
251907
251908
251909
251910
251911
251912
251913
251914
251915
251916
251917
251918
251919
251920
251921
251922
251923
251924
251925
251926
251927
251928
251929
251930
251931
251932
251933
251934
251935
251936
251937
251938
251939
251940
251941
251942
251943
251944
251945
251946
251947
251948
251949
251950
251951
251952
251953
251954
251955
251956
251957
251958
251959
251960
251961
251962
251963
251964
251965
251966
251967
251968
251969
251970
251971
251972
251973
251974
251975
251976
251977
251978
251979
251980
251981
251982
251983
251984
251985
251986
251987
251988
251989
251990
251991
251992
251993
251994
251995
251996
251997
251998
251999
252000
252001
252002
252003
252004
252005
252006
252007
252008
252009
252010
252011
252012
252013
252014
252015
252016
252017
252018
252019
252020
252021
261900
261901
261902
261903
261904
261905
261906
261907
261908
261909
261910
261911
261912
261913
261914
261915
261916
261917
261918
261919
261920
261921
261922
261923
261924
261925
261926
261927
261928
261929
261930
261931
261932
261933
261934
261935
261936
261937
261938
261939
261940
261941
261942
261943
261944
261945
261946
261947
261948
261949
261950
261951
261952
261953
261954
261955
261956
261957
261958
261959
261960
261961
261962
261963
261964
261965
261966
261967
261968
261969
261970
261971
261972
261973
261974
261975
261976
261977
261978
261979
261980
261981
261982
261983
261984
261985
261986
261987
261988
261989
261990
261991
261992
261993
261994
261995
261996
261997
261998
261999
262000
262001
262002
262003
262004
262005
262006
262007
262008
262009
262010
262011
262012
262013
262014
262015
262016
262017
262018
262019
262020
262021
271900
271901
271902
271903
271904
271905
271906
271907
271908
271909
271910
271911
271912
271913
271914
271915
271916
271917
271918
271919
271920
271921
271922
271923
271924
271925
271926
271927
271928
271929
271930
271931
271932
271933
271934
271935
271936
271937
271938
271939
271940
271941
271942
271943
271944
271945
271946
271947
271948
271949
271950
271951
271952
271953
271954
271955
271956
271957
271958
271959
271960
271961
271962
271963
271964
271965
271966
271967
271968
271969
271970
271971
271972
271973
271974
271975
271976
271977
271978
271979
271980
271981
271982
271983
271984
271985
271986
271987
271988
271989
271990
271991
271992
271993
271994
271995
271996
271997
271998
271999
272000
272001
272002
272003
272004
272005
272006
272007
272008
272009
272010
272011
272012
272013
272014
272015
272016
272017
272018
272019
272020
272021
281900
281901
281902
281903
281904
281905
281906
281907
281908
281909
281910
281911
281912
281913
281914
281915
281916
281917
281918
281919
281920
281921
281922
281923
281924
281925
281926
281927
281928
281929
281930
281931
281932
281933
281934
281935
281936
281937
281938
281939
281940
281941
281942
281943
281944
281945
281946
281947
281948
281949
281950
281951
281952
281953
281954
281955
281956
281957
281958
281959
281960
281961
281962
281963
281964
281965
281966
281967
281968
281969
281970
281971
281972
281973
281974
281975
281976
281977
281978
281979
281980
281981
281982
281983
281984
281985
281986
281987
281988
281989
281990
281991
281992
281993
281994
281995
281996
281997
281998
281999
282000
282001
282002
282003
282004
282005
282006
282007
282008
282009
282010
282011
282012
282013
282014
282015
282016
282017
282018
282019
282020
282021
291900
291901
291902
291903
291904
291905
291906
291907
291908
291909
291910
291911
291912
291913
291914
291915
291916
291917
291918
291919
291920
291921
291922
291923
291924
291925
291926
291927
291928
291929
291930
291931
291932
291933
291934
291935
291936
291937
291938
291939
291940
291941
291942
291943
291944
291945
291946
291947
291948
291949
291950
291951
291952
291953
291954
291955
291956
291957
291958
291959
291960
291961
291962
291963
291964
291965
291966
291967
291968
291969
291970
291971
291972
291973
291974
291975
291976
291977
291978
291979
291980
291981
291982
291983
291984
291985
291986
291987
291988
291989
291990
291991
291992
291993
291994
291995
291996
291997
291998
291999
292000
292001
292002
292003
292004
292005
292006
292007
292008
292009
292010
292011
292012
292013
292014
292015
292016
292017
292018
292019
292020
292021
301900
301901
301902
301903
301904
301905
301906
301907
301908
301909
301910
301911
301912
301913
301914
301915
301916
301917
301918
301919
301920
301921
301922
301923
301924
301925
301926
301927
301928
301929
301930
301931
301932
301933
301934
301935
301936
301937
301938
301939
301940
301941
301942
301943
301944
301945
301946
301947
301948
301949
301950
301951
301952
301953
301954
301955
301956
301957
301958
301959
301960
301961
301962
301963
301964
301965
301966
301967
301968
301969
301970
301971
301972
301973
301974
301975
301976
301977
301978
301979
301980
301981
301982
301983
301984
301985
301986
301987
301988
301989
301990
301991
301992
301993
301994
301995
301996
301997
301998
301999
302000
302001
302002
302003
302004
302005
302006
302007
302008
302009
302010
302011
302012
302013
302014
302015
302016
302017
302018
302019
302020
302021
311900
311901
311902
311903
311904
311905
311906
311907
311908
311909
311910
311911
311912
311913
311914
311915
311916
311917
311918
311919
311920
311921
311922
311923
311924
311925
311926
311927
311928
311929
311930
311931
311932
311933
311934
311935
311936
311937
311938
311939
311940
311941
311942
311943
311944
311945
311946
311947
311948
311949
311950
311951
311952
311953
311954
311955
311956
311957
311958
311959
311960
311961
311962
311963
311964
311965
311966
311967
311968
311969
311970
311971
311972
311973
311974
311975
311976
311977
311978
311979
311980
311981
311982
311983
311984
311985
311986
311987
311988
311989
311990
311991
311992
311993
311994
311995
311996
311997
311998
311999
312000
312001
312002
312003
312004
312005
312006
312007
312008
312009
312010
312011
312012
312013
312014
312015
312016
312017
312018
312019
312020
312021
