011900
011901
011902
011903
011904
011905
011906
011907
011908
011909
011910
011911
011912
011913
011914
011915
011916
011917
011918
011919
011920
011921
011922
011923
011924
011925
011926
011927
011928
011929
011930
011931
011932
011933
011934
011935
011936
011937
011938
011939
011940
011941
011942
011943
011944
011945
011946
011947
011948
011949
011950
011951
011952
011953
011954
011955
011956
011957
011958
011959
011960
011961
011962
011963
011964
011965
011966
011967
011968
011969
011970
011971
011972
011973
011974
011975
011976
011977
011978
011979
011980
011981
011982
011983
011984
011985
011986
011987
011988
011989
011990
011991
011992
011993
011994
011995
011996
011997
011998
011999
012000
012001
012002
012003
012004
012005
012006
012007
012008
012009
012010
012011
012012
012013
012014
012015
012016
012017
012018
012019
012020
021900
021901
021902
021903
021904
021905
021906
021907
021908
021909
021910
021911
021912
021913
021914
021915
021916
021917
021918
021919
021920
021921
021922
021923
021924
021925
021926
021927
021928
021929
021930
021931
021932
021933
021934
021935
021936
021937
021938
021939
021940
021941
021942
021943
021944
021945
021946
021947
021948
021949
021950
021951
021952
021953
021954
021955
021956
021957
021958
021959
021960
021961
021962
021963
021964
021965
021966
021967
021968
021969
021970
021971
021972
021973
021974
021975
021976
021977
021978
021979
021980
021981
021982
021983
021984
021985
021986
021987
021988
021989
021990
021991
021992
021993
021994
021995
021996
021997
021998
021999
022000
022001
022002
022003
022004
022005
022006
022007
022008
022009
022010
022011
022012
022013
022014
022015
022016
022017
022018
022019
022020
031900
031901
031902
031903
031904
031905
031906
031907
031908
031909
031910
031911
031912
031913
031914
031915
031916
031917
031918
031919
031920
031921
031922
031923
031924
031925
031926
031927
031928
031929
031930
031931
031932
031933
031934
031935
031936
031937
031938
031939
031940
031941
031942
031943
031944
031945
031946
031947
031948
031949
031950
031951
031952
031953
031954
031955
031956
031957
031958
031959
031960
031961
031962
031963
031964
031965
031966
031967
031968
031969
031970
031971
031972
031973
031974
031975
031976
031977
031978
031979
031980
031981
031982
031983
031984
031985
031986
031987
031988
031989
031990
031991
031992
031993
031994
031995
031996
031997
031998
031999
032000
032001
032002
032003
032004
032005
032006
032007
032008
032009
032010
032011
032012
032013
032014
032015
032016
032017
032018
032019
032020
041900
041901
041902
041903
041904
041905
041906
041907
041908
041909
041910
041911
041912
041913
041914
041915
041916
041917
041918
041919
041920
041921
041922
041923
041924
041925
041926
041927
041928
041929
041930
041931
041932
041933
041934
041935
041936
041937
041938
041939
041940
041941
041942
041943
041944
041945
041946
041947
041948
041949
041950
041951
041952
041953
041954
041955
041956
041957
041958
041959
041960
041961
041962
041963
041964
041965
041966
041967
041968
041969
041970
041971
041972
041973
041974
041975
041976
041977
041978
041979
041980
041981
041982
041983
041984
041985
041986
041987
041988
041989
041990
041991
041992
041993
041994
041995
041996
041997
041998
041999
042000
042001
042002
042003
042004
042005
042006
042007
042008
042009
042010
042011
042012
042013
042014
042015
042016
042017
042018
042019
042020
051900
051901
051902
051903
051904
051905
051906
051907
051908
051909
051910
051911
051912
051913
051914
051915
051916
051917
051918
051919
051920
051921
051922
051923
051924
051925
051926
051927
051928
051929
051930
051931
051932
051933
051934
051935
051936
051937
051938
051939
051940
051941
051942
051943
051944
051945
051946
051947
051948
051949
051950
051951
051952
051953
051954
051955
051956
051957
051958
051959
051960
051961
051962
051963
051964
051965
051966
051967
051968
051969
051970
051971
051972
051973
051974
051975
051976
051977
051978
051979
051980
051981
051982
051983
051984
051985
051986
051987
051988
051989
051990
051991
051992
051993
051994
051995
051996
051997
051998
051999
052000
052001
052002
052003
052004
052005
052006
052007
052008
052009
052010
052011
052012
052013
052014
052015
052016
052017
052018
052019
052020
061900
061901
061902
061903
061904
061905
061906
061907
061908
061909
061910
061911
061912
061913
061914
061915
061916
061917
061918
061919
061920
061921
061922
061923
061924
061925
061926
061927
061928
061929
061930
061931
061932
061933
061934
061935
061936
061937
061938
061939
061940
061941
061942
061943
061944
061945
061946
061947
061948
061949
061950
061951
061952
061953
061954
061955
061956
061957
061958
061959
061960
061961
061962
061963
061964
061965
061966
061967
061968
061969
061970
061971
061972
061973
061974
061975
061976
061977
061978
061979
061980
061981
061982
061983
061984
061985
061986
061987
061988
061989
061990
061991
061992
061993
061994
061995
061996
061997
061998
061999
062000
062001
062002
062003
062004
062005
062006
062007
062008
062009
062010
062011
062012
062013
062014
062015
062016
062017
062018
062019
062020
071900
071901
071902
071903
071904
071905
071906
071907
071908
071909
071910
071911
071912
071913
071914
071915
071916
071917
071918
071919
071920
071921
071922
071923
071924
071925
071926
071927
071928
071929
071930
071931
071932
071933
071934
071935
071936
071937
071938
071939
071940
071941
071942
071943
071944
071945
071946
071947
071948
071949
071950
071951
071952
071953
071954
071955
071956
071957
071958
071959
071960
071961
071962
071963
071964
071965
071966
071967
071968
071969
071970
071971
071972
071973
071974
071975
071976
071977
071978
071979
071980
071981
071982
071983
071984
071985
071986
071987
071988
071989
071990
071991
071992
071993
071994
071995
071996
071997
071998
071999
072000
072001
072002
072003
072004
072005
072006
072007
072008
072009
072010
072011
072012
072013
072014
072015
072016
072017
072018
072019
072020
081900
081901
081902
081903
081904
081905
081906
081907
081908
081909
081910
081911
081912
081913
081914
081915
081916
081917
081918
081919
081920
081921
081922
081923
081924
081925
081926
081927
081928
081929
081930
081931
081932
081933
081934
081935
081936
081937
081938
081939
081940
081941
081942
081943
081944
081945
081946
081947
081948
081949
081950
081951
081952
081953
081954
081955
081956
081957
081958
081959
081960
081961
081962
081963
081964
081965
081966
081967
081968
081969
081970
081971
081972
081973
081974
081975
081976
081977
081978
081979
081980
081981
081982
081983
081984
081985
081986
081987
081988
081989
081990
081991
081992
081993
081994
081995
081996
081997
081998
081999
082000
082001
082002
082003
082004
082005
082006
082007
082008
082009
082010
082011
082012
082013
082014
082015
082016
082017
082018
082019
082020
091900
091901
091902
091903
091904
091905
091906
091907
091908
091909
091910
091911
091912
091913
091914
091915
091916
091917
091918
091919
091920
091921
091922
091923
091924
091925
091926
091927
091928
091929
091930
091931
091932
091933
091934
091935
091936
091937
091938
091939
091940
091941
091942
091943
091944
091945
091946
091947
091948
091949
091950
091951
091952
091953
091954
091955
091956
091957
091958
091959
091960
091961
091962
091963
091964
091965
091966
091967
091968
091969
091970
091971
091972
091973
091974
091975
091976
091977
091978
091979
091980
091981
091982
091983
091984
091985
091986
091987
091988
091989
091990
091991
091992
091993
091994
091995
091996
091997
091998
091999
092000
092001
092002
092003
092004
092005
092006
092007
092008
092009
092010
092011
092012
092013
092014
092015
092016
092017
092018
092019
092020
101900
101901
101902
101903
101904
101905
101906
101907
101908
101909
101910
101911
101912
101913
101914
101915
101916
101917
101918
101919
101920
101921
101922
101923
101924
101925
101926
101927
101928
101929
101930
101931
101932
101933
101934
101935
101936
101937
101938
101939
101940
101941
101942
101943
101944
101945
101946
101947
101948
101949
101950
101951
101952
101953
101954
101955
101956
101957
101958
101959
101960
101961
101962
101963
101964
101965
101966
101967
101968
101969
101970
101971
101972
101973
101974
101975
101976
101977
101978
101979
101980
101981
101982
101983
101984
101985
101986
101987
101988
101989
101990
101991
101992
101993
101994
101995
101996
101997
101998
101999
102000
102001
102002
102003
102004
102005
102006
102007
102008
102009
102010
102011
102012
102013
102014
102015
102016
102017
102018
102019
102020
111900
111901
111902
111903
111904
111905
111906
111907
111908
111909
111910
111911
111912
111913
111914
111915
111916
111917
111918
111919
111920
111921
111922
111923
111924
111925
111926
111927
111928
111929
111930
111931
111932
111933
111934
111935
111936
111937
111938
111939
111940
111941
111942
111943
111944
111945
111946
111947
111948
111949
111950
111951
111952
111953
111954
111955
111956
111957
111958
111959
111960
111961
111962
111963
111964
111965
111966
111967
111968
111969
111970
111971
111972
111973
111974
111975
111976
111977
111978
111979
111980
111981
111982
111983
111984
111985
111986
111987
111988
111989
111990
111991
111992
111993
111994
111995
111996
111997
111998
111999
112000
112001
112002
112003
112004
112005
112006
112007
112008
112009
112010
112011
112012
112013
112014
112015
112016
112017
112018
112019
112020
121900
121901
121902
121903
121904
121905
121906
121907
121908
121909
121910
121911
121912
121913
121914
121915
121916
121917
121918
121919
121920
121921
121922
121923
121924
121925
121926
121927
121928
121929
121930
121931
121932
121933
121934
121935
121936
121937
121938
121939
121940
121941
121942
121943
121944
121945
121946
121947
121948
121949
121950
121951
121952
121953
121954
121955
121956
121957
121958
121959
121960
121961
121962
121963
121964
121965
121966
121967
121968
121969
121970
121971
121972
121973
121974
121975
121976
121977
121978
121979
121980
121981
121982
121983
121984
121985
121986
121987
121988
121989
121990
121991
121992
121993
121994
121995
121996
121997
121998
121999
122000
122001
122002
122003
122004
122005
122006
122007
122008
122009
122010
122011
122012
122013
122014
122015
122016
122017
122018
122019
122020
